000815230000900008002460510306000100050106020004000603095041800600009000083652000
010400037290070500000000100000008714005000900721300000006000000009030085480005070
300512004200708006010000000090000062020906080570000040000000050100604009700135008
020051400005000076040690050106078000080000030000140807070082010860000900002510080
000001490015020370740600000106008209400209001209100807000002013061030920092500000
020701400010020076000093052100070200080209030009040007570980000860030020002506080
406000020020680105018000003080705300007030500003806010800000470601074030040000601
406100000320607005510000000204000300067902580003000207000000079600504032000008601
020095007045032160070060040490000700003000200007000096030070050061320470700650020
009000000406050920250904800807100000031405270000008401005806049098040605000000100
000002893000003007067900042003000089950308026680000100230005970100200000579800000
070000419009000002005079000783102040000834000090607831000760500300000100968000070
240009701001006040036000200500900016000602000690007004003000680050800400802700035
100076093006300040000410700070090400209060307003050010002037000010005600340680009
170034090000000020506007000300100087047050310820009005000400903060000000030790061
702000010016204003003060000294030150630020074075090362000040600400305820020000507
160020700700900020000500041007060050009050100080010300850007000020005009001040038
005420003708900620090000000010063002600204007500710060000000010026005409900042500
000000904209310007005902008000600040000834000030001000700109400300085102506000000
002019004070020000400760028000200603086000150205008000760083005000070030500190400
100040680000600107040007500085403000030209070000806350003900060804001000027060008
817000200000000906060020017070809020300207005090104060750010040109000000002000531
200450001000810200800902030060309004003000900500108070030201006001095000600034008
010050980008000135000080406300410500000308000001096007107060000892000700036040090
860014370500008420000700080100090047007000200280070006040007000025100004019640052
000700000840000795029050008500041000013000950000630001600020130175000082000004000
035900000900002540020060709000720800000806000008039000402080070053100006000004310
000005004040371690070020301006080910004010700087060400705040030063152040400900000
789400030142090000050008100070006003010702060900500010008100050000050341090004827
010670003600034100000009450700060800480201075001080004042900000003740002800052040
190300000705029000026700013912006070000000000060500194670005430000910607000007081
052040006007050490060309850000500709790030015503007000079605040085010900300090560
006001900002003010015090000004072090091000520020510300000020640040700200008900100
076001900080060000010007480030002001001304500800500060053100040000030050008900170
095001060084570000007008040700900013002000700350007004010700400000094670070200350
205706400700430026000000700600007030080509060050100008004000000570081002002604307
000600120000009006060310509014002067087040230230700450403067090600400000051003000
095460000304901050000300004600704020001020300040509006900007000060208503000043290
005600943300040000040000706070094000602000405000260030103000070000050009894007600
970608000004007830120300000080005397007000600649700010000006045096500200000902063
000000010050024690260301807003208005400000002500403900605907021091530060020000000
304070080100300000079060003903017064007080300410930207700040120000001005030020408
304000500508006042000540003080200650100000009069004010200087000830900104007000806
000802001078030002010500000003200650025000430069004200000007090800020170900403000
000090605705020000040003107039200051200010006570009280806900070000070802107040000
907100000010060000000780004805027090002804500070590802200076000000040070000008205
500730602600004150000061000406900520000080000025006901000190000057300009902057004
000032900740800216010600000028009004000040000400300190000007030861003079005960000
009005200080090170400003065030502490000060000027804050610300009058020010003600700
600007080000009001410080002940051060108000905030920074300040056800600000060800003
380050004000000856050890300000104007008975100100308000005047010791000000400010028
913200000650008900000509060500004000274103689000900001020405000005300026000001345
837000005000006400000850007706382050080000030010547608300068000008100000200000849
000904005005270400004050190740080050080090030010040028079060500008029300200705000
207305010500400007010700304000104209090050070102903000406007090300009002020801405
002450730840070000095320000038702000904000307000903180000036570000080094071094800
000403610604900370030070408000090054002508100560040000305010040087004501016709000
004700203000904506000560000500010082002805900980040005000097000205408000703006800
280097300407030800035008006000013080801000507050780000300800720008020403004370058
003900700400230000019000020000020081302060904790080000070000130000096007006005800
000003000048500090290700036904107062002000300810302709150009048020008970000600000
800000700040000098013070000700208960006701500039405002000010280620000050008000009
030009054000005001090030670800507023250000016310208007073050080600700000920400060
000002074000305060390071008001760030000000000030054800900810027020409000610500000
105000000072005000390070208051068030000103000030250810903010027000400680000000403
000000000320900000960500201209300160408010309013007805106004032000002046000000000
580021003021000057007500000070385004008000300600497020000004700830000940700630018
009215007000060205000090308006500920000000000054001600307080000402050000500329700
009200000000060005625700318070000904903000501204000080397006152400050000000009700
800010400040060200020094308106530020003602500050071603307480050002050030008020006
103005700075090130008710509300008000002000400000600002204069800036040290007100304
057200180301060704008701000006070001000408000700020800000507400104080205085002360
030906750000082004000345010009067001800000007700820900070458000500230000013609020
605010000010509060090007200900158706030000090106392008003800040060903080000040603
806502070205400000407900250000000087901000306640000000029004803000003705060708102
000007000509010378780050600100520090002306100060091003006070024875060901000100000
000000040007000038040058000008061324034080910152940600000190060810000200070000000
700004000203900600004613708500090010008201400040080009301769500009002106000100002
000080001980305600730000090000864010806103904050279000040000056007601083600030000
400900030080305600730010000300800710006000900054009008000090056007601080010002009
005020408030005902000306010020000706000502000807000040090204000508900020201080300
000007042097520060800400070006070030300000008080050600060008005020039780730200000
003986710200031006060000530000048020000000000090610000024000070100860003038124600
503980000080500000960470038300000025075000160490000007620059071000007040000024609
509400000600037590037569000000740080006203400040096000000628710062370009000001603
105706020030209051020000700003008500040305070001600900008000010310807090070902804
405000070010475093900206000600020105000000000103090007000503008370142050040000302
184200000060009120020080000018050000900000003000010650000090080057100090000003547
430205000092070500000841203010000832000000000986000070203619000009030610000704029
000020100300090206095160080010006400080000020007200060070039810109080004006070000
009010320270930601003062400010570030002000500030026010007650100306097045051080700
004700003300014070870300094005047300037000480002830900240009036090460008500003200
000009704800604305000080002600070020780205069050040007300060000507308006906100000
200006000071820400008000300010260700420507061007094030004000600002041870000700003
300200690800360407000000003010700840078020310036004070100000000704039005062008004
300000690820001000051907080000090806078000310906010000090402760000600025062000004
074506013900037000002000004005100049010000070740002100400000500000260007190704230
500080410070000000806009003030002051052104360160800020600300807000000040081040006
007800010900304008630001200386200001000000000400005837001700045800102009060003100
016904500070005140000000009304010790900000003021030406100000000037600020008201350
185000490000400000070308005920500300040803020008009054600907030000005000059000762
160300200002081007000000019005000361000090000821000500580000000300950700006003085
408050000590003048700600090082000010007030900050000630060002009870500023000090107
000250370590003208723600090080900005640030082900007030060002859809500023035098000
004807100802004070000210000040000730700423005031000040000041000060700804003906500
068025703000000000071003900610350200080000040003064095007600580000000000806530420
000020010009000004501003900610309278900000006723804095007600501100000600090030000
010005000000072060096000052682000049005040600970000321820000410050820000000400030
050014030002070040010008000029045300007080600001360520000400060070020800090850010
806000040097060300020800516000403000400000002000109000741002060005010230030000701
008000500050100067027500308700301000215000683000805009504009730830007040002000800
000005004003400790070310500806100003200000009700003208005032060087006300300700000
680450070050007400000102650100940060000030000030015007017504000005600080060071024
501070000803104000700508000200000038038000750170000006000607001000201804000090605
507600002000073801020900070000167589000000000619852000060001030104320000900006108
000000070400010500070069038250006300640205019008900056720650080005070001080000000
891020674400018500070060000000006340600000009018900000000050080005870001186090725
207603400016800900400070500020000708009000300701000090005040009004007630002305107
040015097072096400000700000004130070310602054060074200000007000009460520530920040
043000090000000005600748102004109800010602050008504200401857009700000000030000740
006120000000078020403509007035080002009030100700050630100205308050840000000017200
006004503500370026403500000000480070009030100010052000000005308950043001304600200
009000780000701300030289004080000007920507036500000020400628070008304000093000600
000004870070620150020700906060930041100207005230061090607002010081076020052100000
916004072800620050500008930060000200000207000005000090097800003080076009450100687
000900082063001409908000000000670300046050290007023000000000701704300620630007000
035670000400829500080003060020005807800206005301700020040900070002487006000052490
030070902470009000009003060024000837007000100351000620040900200000400056708050090
084200000930840000057000000600401700400070002005602009000000980000028047000003210
007861000008003000560090010100070085000345000630010007050020098000600500000537100
040001003000050079560002804100270080082000960030018007306100098470080000800500040
000500006000870302270300081000034900793050614008790000920003057506087000300005000
000900067090000208460078000320094070700603002010780043000850016501000090670009000
024000017000301000300000965201000650000637000093000708539000001000502000840000570
200006143004000600607008029100800200003090800005003001830500902006000400942600005
504002030900073008670000020000030780005709200047060000050000014100450009060300502
580000637000000000603540000090104705010709040807205090000026304000000000468000072
000010000900003408670500021000130780015000240047065000750006014102400009000090000
780300050956000000002065001003400570600000003025008100200590800000000417030004025
200367500500800060300450700090530400080000070003074050001026005030005007002783001
801056200000002381900003000350470000008000100000068037000600002687100000004530806
300004005841753060000010000003000087098107540750000100000070000030281796200300008
000064810040050062009010300003040607008107500704030100006070200430080090017390000
000040320000357080000600400357006040600705003080900675008009000090581000064070000
905040026026050900030600050350000009009020800100000075010009030003080760560070108
010403060030017400200000300070080004092354780500070030003000005008530040050906020
605900100000100073071300005009010004046293510700040600200001730160002000008009401
049060002800210490100040000000035084008102300630470000000080001084051006700020950
067020300003700000920103000402035060300000002010240903000508039000009200008010750
050842001004000900800050040600400019007506800430009002080090006001000400500681090
