350009400090400003040860090470010900030604020002030074060082040700001050004700081
006004070003000200700208100902801500000000000004705301001302008005000900090500600
400300000020070060078560400950040108603000504704050096005037640040080030000006005
052008930100400052030500800000065008000080000800940000009001070370004009016800520
017003000520700080000020300000859023300207005290134000006010000030005072000900530
304517209007004501000020400700000600041305890005000004003060000906100300502743906
000000009340900520000021003800412070070509010020876004400290000063004052200000000
609400080800900504050007900700632890000801000068549003004100050306008009080004706
018000640600800003003561790480903000000000000000406081064192300100008009032000810
010020004407000200009840310700100600390208051001004009075081900008000103100090060
090003010208007300400000580004508000080901070000702400046000002009600801020300050
090070200063000000047510309029000100000902000005000690104087960000000720002030040
100459000803070900000008000508002600900060007007900105000200000006080204000594003
040206300326010504100040000500004200710508036004700005000030001601080953003901040
570100049400000700098420000900205400060000090004603005000062850006000004250004067
100605080750020060020300500890700050003000800010008079001002030040070016080106005
030900700005002094007045602040060201000000000701020060602450100590200400003009020
000700005103804609070000130000470508000209000706058000097000050208503907400007000
075406802800700100040090070001904000000080000000503600010040080004009001207301950
170290300300008070006730900790000030012309780080000029007013200040600003001042067
000950040908007012406000700500061820080000060012580009003000907760200104090075000
047060580001094360000003401062000005000956000500000630204600000075320900038040250
910350070800000004024700030060035041009000300230460090090002510300000009050093087
000009062602057801000002500080001005001745600700300010008100000104520703370900000
200367500004000060300001700000008402485010376103600000001900005030000200002783001
020700400000204000948000007302070006065000710700010302600000834000301000003007090
072004015800700000000800074023540000000107000000038120980005000000001006210300450
706030000081000030300108600100706020650000087030405006003802001010000940000010302
030020100400060070001300000020016084846203517710540090000001700060030009008070020
049007000800200405100040603072005100400102007001400520503080001204001006000300950
060520008700000902082710560059000006076000140800000720018036250603000001500041090
000000702700010900050078010073600020689020157020009830090860040005090008208000000
069050200000000081400300060040001809050804020201500070030006002720000000008010340
000000070870351000240007080700900010095000820020003007030800049000134058010000000
403070000182000000060840010500000063020593070340000005030056020000000958000020106
853604002904030600060000034000000490500000007079000000310000060005070301700103549
800600300000010008069700150000007849002809700978300000051006280700080000006004001
302090000459071600010350000204700800000010000001009702000043060003120974000060305
100903400300010000009006170003405060004000500020309700068700900000090007007804001
000200063609040000000090050060720100392000745001053020070080000000070508950002000
504017900000305080007090401800000130090801040041000006406080300020406000008130604
905140003080000050031005000570800300410000027003002019000600930090000070100039602
000001908903048500001695003080030600034000720009050080100463800005180402408500000
004830000208004000730010040070600320362000491081003050090050074000100509000096100
952400007000000005800029006000001800200703009008900000700630008500000000600002793
005009067600800502000105009000400070078050340020001000200506000803004005560900700
200060004700824013000000600840070090902000807070050026009000000610745009400030008
020800000090540002705290800600004000081605370000100006003068907800017050000002080
005064000001020007060100054857430000900000006000092538520003080300040200000250300
190006000200000900076000004010578690700901005069342070600000530005000009000700068
570010040013080000280300901800000000000729000000000005401007032000030680020050019
000725310420081007000904008060050001097000520500070090600507000200810045058462000
609010000040005000715900640900760400086504970004098006063009714000800050000040809
089000000200076000005009203010900400057040920004008050406800500000720006000000790
650702090000410200702500000000000562400105008523000000000004301004078000070201049
200000640000708500000420070007152409020000080601984200080043000002805000016000004
000009301200010009801530070000100040605000803040008000020085907500020006306900000
090200700701009025008500000109000460057000310064000907000008500970600104003004090
064200000501000804300049020040090000135000269000020070070310002406000903000004780
000803910010900035030050080301020490080000060097040803050010040120005070046209000
207680009001004000086000200108052030300010005040730102004000720000500800700043506
840107002006000100017020043008002006000501000600900200230050680005000700700308025
610004008490000500008010040050020800060070020009060050030080100007000063100900085
023605900070840030800000750000058001000000000400360000054000007080031040007504620
000132090010070203000500140070000924100000006946000030081003000204060010060741000
007162490000080075000040200260053009090000020700290016008030000170020000049517800
000005000030704501050010703180200050740090032090008074904070010501403060000900000
000705800601200000020400009002000006946000275100000300700004050000009701009508000
000308054850690000200040080600000701720000045305000002070050003000086029460903000
008005034670003090100000000050070300003901500001050040000000003090800017340200600
020000008400002010850700900060094375040000080785120060004006093030500001600000050
060700002000540681000300090800005003097000240300400006080004000542031000100006020
407200000000630100026700045000090270070403060069070000750002480008047000000008706
087600005004890000200000908500320091001000800790081006105000009000018200800009160
100000020000028006002009453040035602008000700601790080213900500900650000070000009
080000060509004302460002700900700046006000200720001009005900028208400603030000050
080100070030049160900700030200901300090000010007602009070005003029810050040006090
000023408000074690000890007009300740070040030083007200500019000092430000306750000
000700300100609050052400009000096105060070080805340000200007640080104003003008000
062700000090010000805400602080060009400102006200040030908004305000080090000001860
020000001046103028000805300004300850200000003085009200009406000460201930100000040
600080010100004300035210000050320467017000830362047090000092670006400009090070003
003002090500060000821904700054010089000000000160050430006703815000090003010400900
006500389080000001000087065800030590000708000032060008760190000200000030954003600
000300210078020090020009307007012000035060140000430700802700060060080970054006000
080079102270108009000300070010000700500000004004000060040005000900704056805690020
914060200030200069206007000640500020000040000080002056000600305160003040003070612
200180005840000900007209001005000034008405700120000600400703100006000093500061007
007030000004200900500084700480760090050000080030018075005640007008009600000070500
085603004002001000003500160040050380009328400058010070037005900000200800500809630
500030600000520010020470003930700060068000340050004029600058030010047000005090006
005008000010000596900700800000040200890102054002080000009006007536000010000800400
000270030050008000906004108630000500400703006005000047709300804000100060060045000
005800670300070200070002084060709008053000960800205030640300090008050006097006800
050003000640000000002600750076904018024000570180705940039006100000000029000400030
000000200230008097076102045300700050007080300010006004720804560860200073005000000
000209008100008590096070002040500089008000700950003020500030870089100005700802000
070810500000200730023950060040680095000000000690071040050029610034008000002035080
069200000000009200210405603000002038702000906580600000603508029005900000000007560
270305000009000100380176900810020000000601000000050014008713092003000600000504081
092003004600910700003200010004100009050000030900007400020001600008072001700300250
310900000800004005940308600004000200590000036001000500009803027700200003000009054
400002600060005009912030070004000002720000081600000300070080136500200040008700005
000060004090000628080400507004005300000694000006200800301007090248000050700040000
000000028200813900006020503037100200601000705002007310109040600008361002460000000
006039400094001830300000005001040008950308046400050900700000004045700260003490500
007615000109708006000300071040180600090000050002056010910002000200509108000831900
800910000307600901090000000500030709034080260902070004000000050103002407000091003
002670100900001500080400007803120406060000070704096301400008030008300004007042800
020004910405120007000903005001000500060805090009000700500608000600097108082300070
500804609001000580690007000804073050005000900060540803000700028087000300106308004
150000063236004981000013000870005090000000000010200038000420000643500829920000054
000004010410025000200900600093006700080403020004100830006009007000860095050700000
300860070607023004020000300060001700090372040005600020009000050800410902010096007
003000007000080290260070300052690003000000000400013570008060051076050000900000600
900100002000205800000083400050967000072431950000528010008310000005804000100002008
000700410003020006107400523401600080029070630070004201752006309300040100014003000
600300100071620000805001000500870901009000600407069008000200807000086410008003002
906013008058000090030000010060800920003409100049006030090000080010000670400960301
300060250000500103005210486000380500030000040002045000413052700807004000056070004
060001907100007230080000406018002004070040090900100780607000040051600009809300020
600300208400185000000000450000070835030508020958010000069000000000631002304009006
400030090200001600760800001500318000032000510000592008900003045001700006040020003
004090170900070002007204000043000050798406213060000890000709400600040001085030700
680001003007004000000820000870009204040302080203400096000036000000500400700200065
000002000103400005200050401340005090807000304090300017605030009400008702000100000
050702003073480005000050400040000200027090350006000010005030000400068730700109060
500080020007502801002900040024000308000324000306000470090006700703208900060090005
108090000200308096090000400406009030010205060080600201001000040360904007000060305
010008570607050009052170000001003706070000040803700900000017260100020407024300090
020439800080000001003001520050092703000000000309740080071300900600000030008924010
000500201800006005005207080017960804000000000908074610080405300700600009504009000
920000000500870000038091000052930160090000030073064980000410250000053001000000073
590006010001254709000001400003715008100000004200648100002500000708463900050100047
309870004000005008870400000104580003000706000700034105000009081900300000400057206
800200000910300706000007002084000009095104860100000230500600000609003071000005008
005037001000050627600002530020070000001968200000010090013700008486090000700840100
090350700000800029000402008710000000463508297000000051300204000940005000008037040
000005904080090605006000030030701450008040700074206090060000300801060070309800000
030004087948700500060800009010586720000000000087312050800003070003007865570200090
300687015000030082050000300400300000601050709000004003008000020210040000970521004
702000004030702010400093008000827090007030800080956000300570009020309080600000503
300040057400853060025700000000000430800406001034000000000005690090624003160080002
000260050000005900000380046020094018004000500950810070380021000005700000040058000
062080504008050090700320001000740620000203000027065000200036007040070100803090240
002001000068000003000086090900002086804000102520800009080140000100000920000700500
000030065460950200000086004003070006004090100500010300200140000007065028630020000
