004100300070008001000000709803059002009601500100820904601000000400300090008004200
600200004208451600300080010100860300009000100006013008010070002002148503500002001
009546080008000507250000000040630008000108000500024010000000026805000300030289700
010760900007003020680020000020805009805000201900201040000080092040900700009042080
940107008000003500060480010500870300070000060008049007050034080007500000300708095
200301045000006002053090000980000703107000409305000086000020960400100000790605004
003000100680013000910400030260051703001000200809670015020009084000280071008000600
900300006080000007005208900008004073090000040760100200007801400100000050800009001
846100030050002100000940000615000040003000600080000712000028000002300060030001427
009108040040605708000000010800300070105702409090001002060000000903804020050206100
014060300620004009080050600060200003070010050500009060006020030100500092007090410
800103050310400800005000000090200005058709360400005080000000200002001037030802001
604120000020005000701360040906000400800204006002000708090013504000700030000092107
080007095320085000750360000006000403003000900502000700000013084000740039430500060
000060030096005004000701060010003095049010720730500010060907000400800950020050000
600008030030600590400005801004003079900000005310500600103800006049006080060900003
200801050000090700005002008690004520042000380058200046500100800007020000010903004
000008002208300100073010800000001345000935000531700000009060270006007409700200000
080002700503700400067050003690074005005000100200910074300020860002006507006500030
000005070200309501150020009008063052360000018420150600500030026801206005090500000
